[gd_scene format=3 uid="uid://cagg3qd8b6vml"]

[sub_resource type="BoxShape3D" id="BoxShape3D_kofmg"]
size = Vector3(26.516602, 1, 9.631836)

[node name="Chunks" type="Node3D" unique_id=1297379566]

[node name="Base" type="CSGBox3D" parent="." unique_id=530942410]
transform = Transform3D(1, 0, 0, 0, 1, 0, 0, 0, 1, 0.11462879, 0.4995, 27.10488)
size = Vector3(25, 0.001, 40)

[node name="1" type="CSGBox3D" parent="." unique_id=382717965]
transform = Transform3D(1, 0, 0, 0, 1, 0, 0, 0, 1, 0.11462879, 0.4995, -14.718084)
size = Vector3(25, 0.001, 40)

[node name="CSGTorus3D" type="CSGTorus3D" parent="1" unique_id=691783229]
transform = Transform3D(1, 0, 0, 0, -0.052684505, -0.9986112, 0, 0.9986112, -0.052684505, 0, 1.4135695, 0)
inner_radius = 3.660441
outer_radius = 9.85844
sides = 23
ring_sides = 13

[node name="StaticBody3D" type="StaticBody3D" parent="1/CSGTorus3D" unique_id=1489441056 groups=["obstacle"]]

[node name="CollisionShape3D" type="CollisionShape3D" parent="1/CSGTorus3D/StaticBody3D" unique_id=361872939]
transform = Transform3D(1, 0, 0, 0, 1, 0, 0, 0, 1, 0, -9.536743e-06, -3.4260266)
shape = SubResource("BoxShape3D_kofmg")

[node name="2" type="CSGBox3D" parent="." unique_id=1833429375]
transform = Transform3D(1, 0, 0, 0, 1, 0, 0, 0, 1, 29.675678, 0.4995, -14.718084)
size = Vector3(25, 0.001, 40)

[node name="CSGCylinder3D" type="CSGCylinder3D" parent="2" unique_id=1908073013]
transform = Transform3D(1, 0, 0, 0, 1, 0, 0, 0, 1, 0, -0.4477541, 0)
radius = 5.3569336
height = 5.1591797

[node name="StaticBody3D" type="StaticBody3D" parent="2/CSGCylinder3D" unique_id=1587002941 groups=["obstacle"]]

[node name="CollisionShape3D" type="CollisionShape3D" parent="2/CSGCylinder3D/StaticBody3D" unique_id=560871714]
transform = Transform3D(1, 0, 0, 0, 0.16404916, -0.98645216, 0, 0.98645216, 0.16404916, 0, -9.536743e-06, -3.4260273)
shape = SubResource("BoxShape3D_kofmg")

[node name="3" type="CSGBox3D" parent="." unique_id=2015076074]
transform = Transform3D(1, 0, 0, 0, 1, 0, 0, 0, 1, -29.888628, 0.4995, -14.718084)
size = Vector3(25, 0.001, 40)

[node name="CSGSphere3D" type="CSGSphere3D" parent="3" unique_id=80841134]
radius = 9.079507
radial_segments = 21
rings = 15

[node name="StaticBody3D" type="StaticBody3D" parent="3/CSGSphere3D" unique_id=1988438539 groups=["obstacle"]]

[node name="CollisionShape3D" type="CollisionShape3D" parent="3/CSGSphere3D/StaticBody3D" unique_id=9512412]
transform = Transform3D(1, 0, 0, 0, -0.104788855, -0.9944945, 0, 0.9944945, -0.104788855, 0, 1.3316741, -3.4260273)
shape = SubResource("BoxShape3D_kofmg")

[node name="4" type="CSGBox3D" parent="." unique_id=2124235458]
transform = Transform3D(1, 0, 0, 0, 1, 0, 0, 0, 1, -59.063263, 0.4995, -14.718084)
size = Vector3(25, 0.001, 40)

[node name="CSGBox3D" type="CSGBox3D" parent="4" unique_id=1456012574]
transform = Transform3D(1, 0, 0, 0, 1, 0, 0, 0, 1, 3.8038177, 0.40686038, 3.8032284)
size = Vector3(14.194672, 1.8137207, 8.606457)

[node name="5" type="CSGBox3D" parent="." unique_id=892788328]
transform = Transform3D(1, 0, 0, 0, 1, 0, 0, 0, 1, 59.755997, 0.4995, -14.718084)
size = Vector3(25, 0.001, 40)

[node name="CSGCylinder3D" type="CSGCylinder3D" parent="5" unique_id=286693022]
transform = Transform3D(0.36338136, 0.9316405, 0, -0.9316405, 0.36338136, 0, 0, 0, 1, 0, 0.31707957, 0)
radius = 9.880859
height = 1.0648193
